# Camera list with one line of data per camera:
#   CAMERA_ID, MODEL, WIDTH, HEIGHT, PARAMS[]
# Number of cameras: 15
15 SIMPLE_PINHOLE 1920 1080 1685.9792772683397 960 540
14 SIMPLE_PINHOLE 1920 1080 1698.4712837837837 960 540
1 SIMPLE_PINHOLE 1920 1080 1717.927915359556 960 540
2 SIMPLE_PINHOLE 1920 1080 1760.665834640444 960 540
3 SIMPLE_PINHOLE 1920 1080 1725.0165148407336 960 540
4 SIMPLE_PINHOLE 1920 1080 1715.8517962717183 960 540
5 SIMPLE_PINHOLE 1920 1080 1699.5275548986488 960 540
6 SIMPLE_PINHOLE 1920 1080 1681.5526212596526 960 540
7 SIMPLE_PINHOLE 1920 1080 1712.7392012548264 960 540
8 SIMPLE_PINHOLE 1920 1080 1727.4005339044402 960 540
9 SIMPLE_PINHOLE 1920 1080 1860.128725265444 960 540
10 SIMPLE_PINHOLE 1920 1080 1852.055909145753 960 540
11 SIMPLE_PINHOLE 1920 1080 1928.0375241312743 960 540
12 SIMPLE_PINHOLE 1920 1080 1957.1887065637065 960 540
13 SIMPLE_PINHOLE 1920 1080 1737.1750573117761 960 540
